(0.482353, 0.388235, 0.160784) (0.482353, 0.388235, 0.160784) (0.352941, 0.192157, 1.000000) (0.290196, 1.000000, 0.517647) (1.000000, 0.580392, 0.450980) (0.611765, 0.450980, 0.258824) (0.419608, 0.223529, 1.000000) (0.419608, 0.223529, 1.000000)
(0.482353, 0.388235, 0.160784) (0.482353, 0.388235, 0.160784) (0.352941, 0.192157, 1.000000) (0.290196, 1.000000, 0.517647) (1.000000, 0.580392, 0.450980) (0.611765, 0.450980, 0.258824) (0.419608, 0.223529, 1.000000) (0.419608, 0.223529, 1.000000)
(0.258824, 1.000000, 0.611765) (0.258824, 1.000000, 0.611765) (1.000000, 0.647059, 0.450980) (0.517647, 0.352941, 0.223529) (0.352941, 0.192157, 1.000000) (0.290196, 1.000000, 0.517647) (1.000000, 0.580392, 0.419608) (1.000000, 0.580392, 0.419608)
(0.611765, 0.450980, 0.258824) (0.611765, 0.450980, 0.258824) (0.450980, 0.223529, 1.000000) (0.258824, 1.000000, 0.611765) (1.000000, 0.611765, 0.450980) (0.549020, 0.388235, 0.192157) (0.352941, 0.192157, 1.000000) (0.352941, 0.192157, 1.000000)
(0.258824, 1.000000, 0.517647) (0.258824, 1.000000, 0.517647) (1.000000, 0.580392, 0.419608) (0.611765, 0.450980, 0.258824) (0.450980, 0.290196, 1.000000) (0.258824, 1.000000, 0.611765) (1.000000, 0.611765, 0.450980) (1.000000, 0.611765, 0.450980)
(0.517647, 0.352941, 0.192157) (0.517647, 0.352941, 0.192157) (0.352941, 0.160784, 1.000000) (0.290196, 1.000000, 0.517647) (1.000000, 0.611765, 0.419608) (0.611765, 0.450980, 0.258824) (0.419608, 0.258824, 1.000000) (0.419608, 0.258824, 1.000000)
(0.258824, 1.000000, 0.611765) (0.258824, 1.000000, 0.611765) (1.000000, 0.611765, 0.450980) (0.549020, 0.388235, 0.192157) (0.352941, 0.192157, 1.000000) (0.258824, 1.000000, 0.549020) (1.000000, 0.580392, 0.419608) (1.000000, 0.580392, 0.419608)
(0.258824, 1.000000, 0.611765) (0.258824, 1.000000, 0.611765) (1.000000, 0.611765, 0.450980) (0.549020, 0.388235, 0.192157) (0.352941, 0.192157, 1.000000) (0.258824, 1.000000, 0.549020) (1.000000, 0.580392, 0.419608) (1.000000, 0.580392, 0.419608)

(0.482353, 0.388235, 0.160784) (0.352941, 0.192157, 1.000000) (0.290196, 1.000000, 0.517647) (1.000000, 0.580392, 0.450980) (0.611765, 0.450980, 0.258824) (0.419608, 0.223529, 1.000000) (0.419608, 0.223529, 1.000000)
(0.258824, 1.000000, 0.611765) (1.000000, 0.647059, 0.450980) (0.517647, 0.352941, 0.223529) (0.352941, 0.192157, 1.000000) (0.290196, 1.000000, 0.517647) (1.000000, 0.580392, 0.419608) (1.000000, 0.580392, 0.419608)
(0.611765, 0.450980, 0.258824) (0.450980, 0.223529, 1.000000) (0.258824, 1.000000, 0.611765) (1.000000, 0.611765, 0.450980) (0.549020, 0.388235, 0.192157) (0.352941, 0.192157, 1.000000) (0.352941, 0.192157, 1.000000)
(0.258824, 1.000000, 0.517647) (1.000000, 0.580392, 0.419608) (0.611765, 0.450980, 0.258824) (0.450980, 0.290196, 1.000000) (0.258824, 1.000000, 0.611765) (1.000000, 0.611765, 0.450980) (1.000000, 0.611765, 0.450980)
(0.517647, 0.352941, 0.192157) (0.352941, 0.160784, 1.000000) (0.290196, 1.000000, 0.517647) (1.000000, 0.611765, 0.419608) (0.611765, 0.450980, 0.258824) (0.419608, 0.258824, 1.000000) (0.419608, 0.258824, 1.000000)
(0.258824, 1.000000, 0.611765) (1.000000, 0.611765, 0.450980) (0.549020, 0.388235, 0.192157) (0.352941, 0.192157, 1.000000) (0.258824, 1.000000, 0.549020) (1.000000, 0.580392, 0.419608) (1.000000, 0.580392, 0.419608)

(0.000000, 0.000000, 0.000000) (0.000000, 0.000000, 0.000000) (0.000000, 0.000000, 0.000000) (0.000000, 0.000000, 0.000000) (0.000000, 0.000000, 0.000000) (0.000000, 0.000000, 0.000000) (0.000000, 0.000000, 0.000000) (0.000000, 0.000000, 0.000000)
(0.000000, 0.000000, 0.000000) (0.482353, 0.388235, 0.160784) (0.352941, 0.192157, 1.000000) (0.290196, 1.000000, 0.517647) (1.000000, 0.580392, 0.450980) (0.611765, 0.450980, 0.258824) (0.419608, 0.223529, 1.000000) (0.000000, 0.000000, 0.000000)
(0.000000, 0.000000, 0.000000) (0.258824, 1.000000, 0.611765) (1.000000, 0.647059, 0.450980) (0.517647, 0.352941, 0.223529) (0.352941, 0.192157, 1.000000) (0.290196, 1.000000, 0.517647) (1.000000, 0.580392, 0.419608) (0.000000, 0.000000, 0.000000)
(0.000000, 0.000000, 0.000000) (0.611765, 0.450980, 0.258824) (0.450980, 0.223529, 1.000000) (0.258824, 1.000000, 0.611765) (1.000000, 0.611765, 0.450980) (0.549020, 0.388235, 0.192157) (0.352941, 0.192157, 1.000000) (0.000000, 0.000000, 0.000000)
(0.000000, 0.000000, 0.000000) (0.258824, 1.000000, 0.517647) (1.000000, 0.580392, 0.419608) (0.611765, 0.450980, 0.258824) (0.450980, 0.290196, 1.000000) (0.258824, 1.000000, 0.611765) (1.000000, 0.611765, 0.450980) (0.000000, 0.000000, 0.000000)
(0.000000, 0.000000, 0.000000) (0.517647, 0.352941, 0.192157) (0.352941, 0.160784, 1.000000) (0.290196, 1.000000, 0.517647) (1.000000, 0.611765, 0.419608) (0.611765, 0.450980, 0.258824) (0.419608, 0.258824, 1.000000) (0.000000, 0.000000, 0.000000)
(0.000000, 0.000000, 0.000000) (0.258824, 1.000000, 0.611765) (1.000000, 0.611765, 0.450980) (0.549020, 0.388235, 0.192157) (0.352941, 0.192157, 1.000000) (0.258824, 1.000000, 0.549020) (1.000000, 0.580392, 0.419608) (0.000000, 0.000000, 0.000000)
(0.000000, 0.000000, 0.000000) (0.000000, 0.000000, 0.000000) (0.000000, 0.000000, 0.000000) (0.000000, 0.000000, 0.000000) (0.000000, 0.000000, 0.000000) (0.000000, 0.000000, 0.000000) (0.000000, 0.000000, 0.000000) (0.000000, 0.000000, 0.000000)

(0.482353, 0.388235, 0.160784) (0.352941, 0.192157, 1.000000) (0.290196, 1.000000, 0.517647) (1.000000, 0.580392, 0.450980) (0.611765, 0.450980, 0.258824) (0.419608, 0.223529, 1.000000) (0.000000, 0.000000, 0.000000)
(0.258824, 1.000000, 0.611765) (1.000000, 0.647059, 0.450980) (0.517647, 0.352941, 0.223529) (0.352941, 0.192157, 1.000000) (0.290196, 1.000000, 0.517647) (1.000000, 0.580392, 0.419608) (0.000000, 0.000000, 0.000000)
(0.611765, 0.450980, 0.258824) (0.450980, 0.223529, 1.000000) (0.258824, 1.000000, 0.611765) (1.000000, 0.611765, 0.450980) (0.549020, 0.388235, 0.192157) (0.352941, 0.192157, 1.000000) (0.000000, 0.000000, 0.000000)
(0.258824, 1.000000, 0.517647) (1.000000, 0.580392, 0.419608) (0.611765, 0.450980, 0.258824) (0.450980, 0.290196, 1.000000) (0.258824, 1.000000, 0.611765) (1.000000, 0.611765, 0.450980) (0.000000, 0.000000, 0.000000)
(0.517647, 0.352941, 0.192157) (0.352941, 0.160784, 1.000000) (0.290196, 1.000000, 0.517647) (1.000000, 0.611765, 0.419608) (0.611765, 0.450980, 0.258824) (0.419608, 0.258824, 1.000000) (0.000000, 0.000000, 0.000000)
(0.258824, 1.000000, 0.611765) (1.000000, 0.611765, 0.450980) (0.549020, 0.388235, 0.192157) (0.352941, 0.192157, 1.000000) (0.258824, 1.000000, 0.549020) (1.000000, 0.580392, 0.419608) (0.000000, 0.000000, 0.000000)
